params.refscaling = 364.961378
params.refangle = 343.760967
