% Hamiltonian for 4 spins Crotonic Acid

v(1)=2997.42;
v(2)=25522.54;
v(3)=21584.19;
v(4)=29465.92;


J=zeros(4);
J(1,2) = 20.81; J(1,3) = 0.73; J(1,4) = 3.51;
J(2,3) = 34.83; J(2,4) = 0.59;
J(3,4) = 36.08;

J=2*J;







